%YAML:1.0
---
A: !!opencv-matrix
   rows: 3
   cols: 3
   dt: d
   data: [ 2.0250773653620161e+03, 0., 1024., 0., 2.0250773653620161e+03,
       544., 0., 0., 1. ]
P: !!opencv-matrix
   rows: 3
   cols: 4
   dt: d
   data: [ 6.3540778176549129e-01, -7.7204451047223910e-01,
       1.4290721519192306e-02, 6.3035658523526363e+03,
       -1.6830381138392764e-01, -1.5653200232531875e-01,
       -9.7322739342954678e-01, 5.6071185594161589e+03,
       7.5361182179256014e-01, 6.1599107631337291e-01,
       -2.2939968604335786e-01, 2.4711958942979771e+04 ]
R: !!opencv-matrix
   rows: 3
   cols: 3
   dt: d
   data: [ 6.3540778176549129e-01, -7.7204451047223910e-01,
       1.4290721519192306e-02, -1.6830381138392764e-01,
       -1.5653200232531875e-01, -9.7322739342954678e-01,
       7.5361182179256014e-01, 6.1599107631337291e-01,
       -2.2939968604335786e-01 ]
t: !!opencv-matrix
   rows: 3
   cols: 1
   dt: d
   data: [ 6.3035658523526363e+03, 5.6071185594161589e+03,
       2.4711958942979771e+04 ]
