%YAML:1.0
---
A: !!opencv-matrix
   rows: 3
   cols: 3
   dt: d
   data: [ 2.0250773653620161e+03, 0., 1024., 0., 2.0250773653620161e+03,
       544., 0., 0., 1. ]
P: !!opencv-matrix
   rows: 3
   cols: 4
   dt: d
   data: [ 6.1937122849720272e-01, 7.8499036561395896e-01,
       1.3015652236009201e-02, -1.5168387149042428e+04,
       1.8000071183148308e-01, -1.2584793174188441e-01,
       -9.7558292411073355e-01, 2.9581232671200155e+03,
       -7.6418520337024665e-01, 6.0659082087479110e-01,
       -2.1924541267817188e-01, 3.6941289278778582e+04 ]
R: !!opencv-matrix
   rows: 3
   cols: 3
   dt: d
   data: [ 6.1937122849720272e-01, 7.8499036561395896e-01,
       1.3015652236009201e-02, 1.8000071183148308e-01,
       -1.2584793174188441e-01, -9.7558292411073355e-01,
       -7.6418520337024665e-01, 6.0659082087479110e-01,
       -2.1924541267817188e-01 ]
t: !!opencv-matrix
   rows: 3
   cols: 1
   dt: d
   data: [ -1.5168387149042428e+04, 2.9581232671200155e+03,
       3.6941289278778582e+04 ]
