%YAML:1.0
---
A: !!opencv-matrix
   rows: 3
   cols: 3
   dt: d
   data: [ 2.0250773653620161e+03, 0., 1024., 0., 2.0250773653620161e+03,
       544., 0., 0., 1. ]
P: !!opencv-matrix
   rows: 3
   cols: 4
   dt: d
   data: [ 6.3523390484717934e-01, -7.7221726760752063e-01,
       1.2584821865230800e-02, 6.2877645186680802e+03,
       -1.6731245763057279e-01, -1.5350428143768124e-01,
       -9.7388037104252134e-01, 5.5541952811872388e+03,
       7.5397906314049767e-01, 6.1653623347624598e-01,
       -2.2671269297659863e-01, 2.4651788654716282e+04 ]
R: !!opencv-matrix
   rows: 3
   cols: 3
   dt: d
   data: [ 6.3523390484717934e-01, -7.7221726760752063e-01,
       1.2584821865230800e-02, -1.6731245763057279e-01,
       -1.5350428143768124e-01, -9.7388037104252134e-01,
       7.5397906314049767e-01, 6.1653623347624598e-01,
       -2.2671269297659863e-01 ]
t: !!opencv-matrix
   rows: 3
   cols: 1
   dt: d
   data: [ 6.2877645186680802e+03, 5.5541952811872388e+03,
       2.4651788654716282e+04 ]
