%YAML:1.0
---
A: !!opencv-matrix
   rows: 3
   cols: 3
   dt: d
   data: [ 2.1379734052276522e+03, 0., 1024., 0., 2.1379734052276522e+03,
       544., 0., 0., 1. ]
P: !!opencv-matrix
   rows: 3
   cols: 4
   dt: d
   data: [ 6.1383343852782035e-01, 7.8935893948137181e-01,
       1.0998836572833570e-02, -1.5262495860017561e+03,
       1.8653656912766808e-01, -1.3149128242718469e-01,
       -9.7360882854652298e-01, 2.9145266623952614e+02,
       -7.6708058124501521e-01, 5.9968534024644793e-01,
       -2.2795805440982136e-01, 3.8856648448711685e+03 ]
R: !!opencv-matrix
   rows: 3
   cols: 3
   dt: d
   data: [ 6.1383343852782035e-01, 7.8935893948137181e-01,
       1.0998836572833570e-02, 1.8653656912766808e-01,
       -1.3149128242718469e-01, -9.7360882854652298e-01,
       -7.6708058124501521e-01, 5.9968534024644793e-01,
       -2.2795805440982136e-01 ]
t: !!opencv-matrix
   rows: 3
   cols: 1
   dt: d
   data: [ -1.5262495860017561e+03, 2.9145266623952614e+02,
       3.8856648448711685e+03 ]
