%YAML:1.0
---
A: !!opencv-matrix
   rows: 3
   cols: 3
   dt: d
   data: [ 2.1379734041983888e+03, 0., 1024., 0., 2.1379734041983888e+03,
       544., 0., 0., 1. ]
P: !!opencv-matrix
   rows: 3
   cols: 4
   dt: d
   data: [ 6.2707797408899246e-01, -7.7885470494512132e-01,
       1.2592180005577769e-02, 6.4506657816568611e+02,
       -1.7303848438975750e-01, -1.5504332079790414e-01,
       -9.7263520993024599e-01, 5.6217428169225070e+02,
       7.5949384285360777e-01, 6.0773918522735237e-01,
       -2.3199608920551504e-01, 2.6574374654444296e+03 ]
R: !!opencv-matrix
   rows: 3
   cols: 3
   dt: d
   data: [ 6.2707797408899246e-01, -7.7885470494512132e-01,
       1.2592180005577769e-02, -1.7303848438975750e-01,
       -1.5504332079790414e-01, -9.7263520993024599e-01,
       7.5949384285360777e-01, 6.0773918522735237e-01,
       -2.3199608920551504e-01 ]
t: !!opencv-matrix
   rows: 3
   cols: 1
   dt: d
   data: [ 6.4506657816568611e+02, 5.6217428169225070e+02,
       2.6574374654444296e+03 ]
